=== SUMMARY STATISTICS ===
                     Min   Median     Mean      P90      P95      P99     P99_9        Max      Std
OS       Load                                                                                      
Zephyr   Idle      0.001    0.001    0.164    0.001    0.001    0.220    16.399     16.399    1.615
         Stress  360.405  496.690  498.918  514.351  521.613  522.107   522.179   1098.964   13.941
FreeRTOS Idle      0.001    0.001    0.054    0.001    0.001    0.001     6.798     11.458    0.593
         Stress   24.298   48.292   47.239   49.917   50.208   54.976    78.673     80.738    5.806
Ubuntu   Idle      0.001    2.082    4.813    9.824   18.141   44.398   116.308    169.017    9.997
         Stress    0.001   52.244   41.907   69.337   84.853   97.705   133.489   2964.577   31.997
Windows  Idle      0.001   12.600   83.128  127.700  135.000  998.600  1055.102  29916.600  328.542
         Stress    0.001   21.400   63.262  110.900  112.700  523.616  2981.999  62951.800  473.940